{
  "fl_x": 1811.64912407211,
  "fl_y": 1811.64912407211,
  "k1": 0.2799766624400599,
  "k2": -1.878652222032537,
  "p1": 2.4274697572407774e-5,
  "p2": 0.001193689606924735,
  "cx": 532.6259183505218,
  "cy": 965.209553921811,
  "w": 1080,
  "h": 1920,
  "aabb_scale": 2,
  "frames": [
    {
      "file_path": "./png1/1.JPG",
      "sharpness": 2647.7657701580865,
      "transform_matrix": [
        [
          0.8833059765779615, -0.46849203277166124, -0.016904643478356643,
          0.09526516640777474
        ],
        [
          -0.4686609897709539, -0.8833438575429877, -0.0077785607912818616,
          -0.5595926116352415
        ],
        [
          -0.011288419223414883, 0.01479339618040599, -0.9998268485197255,
          -4.003352635075762
        ],
        [0.0, 0.0, 0.0, 1.0]
      ]
    },
    {
      "file_path": "./png1/2.JPG",
      "sharpness": 2065.134953338831,
      "transform_matrix": [
        [
          0.12352648887760796, 0.9918564708044073, -0.031015284441640537,
          0.4453971873640903
        ],
        [
          0.9923328132226159, -0.12359416060582566, -0.00026695660696061593,
          0.18769956498074697
        ],
        [
          -0.0040980906845533675, -0.030744508250532262, -0.9995188746918058,
          -4.01845086358441
        ],
        [0.0, 0.0, 0.0, 1.0]
      ]
    },
    {
      "file_path": "./png1/3.JPG",
      "sharpness": 2246.7118870067893,
      "transform_matrix": [
        [
          -0.9932460052445664, 0.014012458802818269, -0.1151782273869941,
          -0.4556403350736069
        ],
        [
          0.015670686522036955, 0.9997860105761549, -0.013504171212799058,
          0.35100112268611044
        ],
        [
          0.11496435382169051, -0.015217886006796813, -0.9932530459534689,
          -3.9769749680952096
        ],
        [0.0, 0.0, 0.0, 1.0]
      ]
    },
    {
      "file_path": "./png1/4.JPG",
      "sharpness": 2381.854268837335,
      "transform_matrix": [
        [
          -0.37061905088437436, -0.9276859456821226, -0.0451697388240386,
          -0.47995509596292985
        ],
        [
          -0.9202391100219548, 0.3733565550577234, -0.1173237536964715,
          -0.5151946995522775
        ],
        [
          0.12570401547908772, -0.0019154579858209689, -0.9920659411113453,
          -3.9657571501874793
        ],
        [0.0, 0.0, 0.0, 1.0]
      ]
    },
    {
      "file_path": "./png1/5.JPG",
      "sharpness": 2413.5459466522593,
      "transform_matrix": [
        [
          0.7233858185082258, -0.6758871122540591, 0.14103038349963157,
          0.4405102882552502
        ],
        [
          -0.6567327260167934, -0.736605078644439, -0.16160162342554296,
          -0.9924397082108392
        ],
        [
          0.21310815132165964, 0.024281054427037624, -0.9767268534427502,
          -3.8711154127574323
        ],
        [0.0, 0.0, 0.0, 1.0]
      ]
    },
    {
      "file_path": "./png1/6.JPG",
      "sharpness": 2469.3109997067786,
      "transform_matrix": [
        [
          0.7404965174720987, 0.6697407633714394, -0.055787252041445405,
          0.3574055287357134
        ],
        [
          0.6701277890096298, -0.742109405220486, -0.014225929859304605,
          -0.2302556404825059
        ],
        [
          -0.050927929555001604, -0.026850336346839365, -0.9983413271167845,
          -4.013193062463357
        ],
        [0.0, 0.0, 0.0, 1.0]
      ]
    },
    {
      "file_path": "./png1/7.JPG",
      "sharpness": 2107.6196897386794,
      "transform_matrix": [
        [
          -0.351242491960308, 0.9361874071657922, -0.013485195797757995,
          0.3891183529567744
        ],
        [
          0.9362827754402837, 0.3511775584575958, -0.006991913157415471,
          0.34413130545833825
        ],
        [
          -0.001810042914389895, -0.015081813549861184, -0.9998846246666135,
          -3.99945484782294
        ],
        [0.0, 0.0, 0.0, 1.0]
      ]
    },
    {
      "file_path": "./png1/8.JPG",
      "sharpness": 2049.037642037927,
      "transform_matrix": [
        [
          0.19610165591155618, -0.9804466239823139, 0.016387741468200726,
          -0.19833386781778023
        ],
        [
          -0.9681755099698007, -0.19624340720072905, -0.15532130254721996,
          -0.8007252623778897
        ],
        [
          0.15550023293700177, 0.014592554674621172, -0.9877280672860349,
          -3.9365693828329107
        ],
        [0.0, 0.0, 0.0, 1.0]
      ]
    },
    {
      "file_path": "./png1/9.JPG",
      "sharpness": 1975.9513870614555,
      "transform_matrix": [
        [
          0.9842478987135961, -0.1493937385193224, 0.09453880033663933,
          0.5476018029409868
        ],
        [
          -0.14986675290917298, -0.9887039367719204, -0.0021170224768354423,
          -0.5037155674077883
        ],
        [
          0.09378715397287374, -0.01208454810602602, -0.9955189267144757,
          -3.9520456353415563
        ],
        [0.0, 0.0, 0.0, 1.0]
      ]
    },
    {
      "file_path": "./png1/10.JPG",
      "sharpness": 1914.0027285497,
      "transform_matrix": [
        [
          0.008854932871278162, 0.999874253526307, 0.013155504515439037,
          0.48518139314751724
        ],
        [
          0.9864995632513065, -0.010886387441160156, 0.16340164709531785,
          0.9471916372907682
        ],
        [
          0.16352431583353896, 0.011530988842745879, -0.9864719126399302,
          -3.8329589471468197
        ],
        [0.0, 0.0, 0.0, 1.0]
      ]
    },
    {
      "file_path": "./png1/11.JPG",
      "sharpness": 2499.2305298667843,
      "transform_matrix": [
        [
          -0.9033963119598558, 0.40407773966517135, -0.1435140545187715,
          -0.5504685593010419
        ],
        [
          0.39556805064756184, 0.9145084302528008, 0.0848542768718592,
          0.6964405393387343
        ],
        [
          0.1655325371164801, 0.019887465993539737, -0.9860037869360018,
          -3.8562995024443563
        ],
        [0.0, 0.0, 0.0, 1.0]
      ]
    },
    {
      "file_path": "./png1/12.JPG",
      "sharpness": 2422.3237330139177,
      "transform_matrix": [
        [
          -0.8910126864251615, -0.3859989550383276, -0.23895857243199267,
          -1.2121661732023328
        ],
        [
          -0.3719494738694642, 0.9224939842170331, -0.10323971121430517,
          -0.13928162255314755
        ],
        [
          0.2602882661927839, -0.0031073771421379556, -0.9655259513289375,
          -3.761219831654102
        ],
        [0.0, 0.0, 0.0, 1.0]
      ]
    },
    {
      "file_path": "./png1/13.JPG",
      "sharpness": 2004.170362391313,
      "transform_matrix": [
        [
          0.06161785993140422, -0.9976949031496041, 0.028427443901555133,
          -0.3406807681809584
        ],
        [
          -0.9556040083830408, -0.06719272120153369, -0.28689042748024596,
          -1.3593472759820022
        ],
        [
          0.28813923457200197, -0.009487805164271612, -0.9575415202764973,
          -3.724013455595926
        ],
        [0.0, 0.0, 0.0, 1.0]
      ]
    },
    {
      "file_path": "./png1/14.JPG",
      "sharpness": 2464.33452425356,
      "transform_matrix": [
        [
          0.6358263871935064, -0.7387959726964952, 0.22339497773202716,
          0.6520137653357572
        ],
        [
          -0.6989857556426815, -0.6739172286258746, -0.23927908886873148,
          -1.450313932802069
        ],
        [
          0.3273281514888123, -0.004009948710441497, -0.9449022179856796,
          -3.6380397302209224
        ],
        [0.0, 0.0, 0.0, 1.0]
      ]
    },
    {
      "file_path": "./png1/15.JPG",
      "sharpness": 2287.8545930802698,
      "transform_matrix": [
        [
          0.8690511447620141, 0.4939837498712407, 0.027021521996000476,
          0.6448242283125564
        ],
        [
          0.49262498449981496, -0.8690991926115554, 0.04457822392715503,
          -0.11705606344431903
        ],
        [
          0.0455053011679953, -0.02542927968091034, -0.9986403853742948,
          -3.9841045812664744
        ],
        [0.0, 0.0, 0.0, 1.0]
      ]
    },
    {
      "file_path": "./png1/16.JPG",
      "sharpness": 1855.097472088167,
      "transform_matrix": [
        [
          -0.004867596275721783, 0.9992449168614403, -0.03854740760505187,
          0.39422993598366896
        ],
        [
          0.9941419768498863, 0.008997696676677122, 0.10770687684412193,
          0.6304868964265564
        ],
        [
          0.10797238707881249, -0.037797322406328535, -0.9934351141606659,
          -3.9499446604523363
        ],
        [0.0, 0.0, 0.0, 1.0]
      ]
    },
    {
      "file_path": "./png1/17.JPG",
      "sharpness": 2489.523111837581,
      "transform_matrix": [
        [
          -0.8150942193218463, -0.5619262703309913, -0.1409265068750783,
          -0.83118250486043
        ],
        [
          -0.5450630167059851, 0.826267450074842, -0.14208592036577514,
          -0.31204417963197595
        ],
        [
          0.1962847967813119, -0.03899958536600063, -0.9797710502427595,
          -3.9052284336373972
        ],
        [0.0, 0.0, 0.0, 1.0]
      ]
    },
    {
      "file_path": "./png1/18.JPG",
      "sharpness": 2494.279418882186,
      "transform_matrix": [
        [
          -0.36215037322009463, -0.9175423262969188, -0.16420470952498564,
          -0.8643181067759975
        ],
        [
          -0.8596473655525033, 0.39687332727670366, -0.32171100229081273,
          -1.0710007190785766
        ],
        [
          0.36035193086091133, 0.024650386405839386, -0.9324906671784208,
          -3.7294804377120894
        ],
        [0.0, 0.0, 0.0, 1.0]
      ]
    },
    {
      "file_path": "./png1/19.JPG",
      "sharpness": 2232.2110738607153,
      "transform_matrix": [
        [
          0.47313475230248425, -0.8761596360818575, 0.0921292476066854,
          0.19006756244702216
        ],
        [
          -0.8377246873989408, -0.4798012258290396, -0.2607836877860614,
          -1.3879699580424683
        ],
        [
          0.2726918669231151, 0.046206880373576356, -0.9609911913852948,
          -3.758222632726456
        ],
        [0.0, 0.0, 0.0, 1.0]
      ]
    },
    {
      "file_path": "./png1/20.JPG",
      "sharpness": 2422.286953142525,
      "transform_matrix": [
        [
          0.7753886948976283, -0.5769141640832337, 0.25679256045511967,
          0.911919336474901
        ],
        [
          -0.5276643470689156, -0.8153122861468609, -0.2384034666071661,
          -1.3283769250516027
        ],
        [
          0.346904466182388, 0.04935507408689509, -0.936600965195205,
          -3.629670770870993
        ],
        [0.0, 0.0, 0.0, 1.0]
      ]
    },
    {
      "file_path": "./png1/21.JPG",
      "sharpness": 1695.8726237397404,
      "transform_matrix": [
        [
          -0.8958236302415773, 0.16672816837711624, -0.41194871206305966,
          -1.4629367053126936
        ],
        [
          0.35098983693498664, 0.8340112636959173, -0.42571275103840917,
          -0.9451792336192306
        ],
        [
          0.27259155869020074, -0.5259533533479476, -0.8056468905375951,
          -3.458639876343616
        ],
        [0.0, 0.0, 0.0, 1.0]
      ]
    }
  ],
  "totp": [0.14038344025358596, 0.10513887238136492, -0.06883828791287207],
  "totw": 9.22913901589587
}
