{
  "fl_x": 1811.64912407211,
  "fl_y": 1811.64912407211,
  "k1": 0.2799766624400599,
  "k2": -1.878652222032537,
  "p1": 2.4274697572407774e-5,
  "p2": 0.001193689606924735,
  "cx": 532.6259183505218,
  "cy": 965.209553921811,
  "w": 1080,
  "h": 1920,
  "aabb_scale": 2,
  "frames": [
    {
      "file_path": "./png1/1.JPG",
      "sharpness": 2647.7657701580865,
      "transform_matrix": [
        [
          0.0009998073578851865, 0.0006203097256990394, 0.9999993078003062,
          0.5269138498269611
        ],
        [
          0.9999993078003062, 0.0006196897259732033, -0.001000191757715205,
          2.0189945970459635
        ],
        [
          0.0006203097256990394, -0.99999961560017, 0.0006196897259732033,
          -0.8048826532395952
        ],
        [0.0, 0.0, 0.0, 1.0]
      ]
    },
    {
      "file_path": "./png1/2.JPG",
      "sharpness": 2065.134953338831,
      "transform_matrix": [
        [
          0.9338271318048443, 0.0009207908262129106, -0.3577234127777939,
          0.5269138498269611
        ],
        [
          -0.3577238729785068, 0.0003905708049551197, -0.9338273278051479,
          2.0189945970459635
        ],
        [
          0.0007201433154299811, -0.999999499799225, -0.0006941144751139104,
          -0.8048826532395952
        ],
        [0.0, 0.0, 0.0, 1.0]
      ]
    },
    {
      "file_path": "./png1/3.JPG",
      "sharpness": 2246.7118870067893,
      "transform_matrix": [
        [
          -0.45393417936663116, 0.11660864159211252, -0.8833720538418596,
          2.2523548954154973
        ],
        [
          -0.8892975066142479, 0.0025962086311920457, 0.45732177340514313,
          1.1562740742516933
        ],
        [
          -0.05562108891800772, -0.993174548811429, -0.10252126638307542,
          -0.8048826532395952
        ],
        [0.0, 0.0, 0.0, 1.0]
      ]
    },
    {
      "file_path": "./png1/4.JPG",
      "sharpness": 2381.854268837335,
      "transform_matrix": [
        [
          -0.9893794169447487, 0.09936714664633778, 0.10608741439696617,
          0.5269138498269611
        ],
        [
          0.10593088370978826, -0.006865075851101431, 0.9943497969075175,
          0.29355355145742273
        ],
        [
          -0.09953400023374792, -0.9950271558610464, 0.003733884913122487,
          -0.8048826532395952
        ],
        [0.0, 0.0, 0.0, 1.0]
      ]
    },
    {
      "file_path": "./png1/5.JPG",
      "sharpness": 2413.5459466522593,
      "transform_matrix": [
        [
          -0.1941163210524822, -0.04688442740919317, 0.9798574918668332,
          -1.19852719576158
        ],
        [
          0.9667002922355563, -0.17894326629808116, 0.18294767677744286,
          -0.5691669713368478
        ],
        [
          -0.16676150302974413, -0.9827416536980029, -0.08005899820866193,
          2.645999437937482
        ],
        [0.0, 0.0, 0.0, 1.0]
      ]
    },
    {
      "file_path": "./png1/6.JPG",
      "sharpness": 2469.3109997067786,
      "transform_matrix": [
        [
          0.9408926775821078, 0.00035689440823700807, 0.33870465290390245,
          0.5269138498269611
        ],
        [
          0.33870472190382667, -0.00015305623199017413, -0.9408927079820744,
          2.0189945970459635
        ],
        [
          0.0002839584882987674, -0.9999999246000828, 0.00026489130922880983,
          -0.8048826532395952
        ],
        [0.0, 0.0, 0.0, 1.0]
      ]
    },
    {
      "file_path": "./png1/7.JPG",
      "sharpness": 2107.6196897386794,
      "transform_matrix": [
        [
          0.6614020552173727, 0.0007212422892995319, -0.7500312001268985,
          0.5269138498269611
        ],
        [
          -0.7500315359288025, 0.000807103376114722, -0.6614015752146511,
          2.0189945970459635
        ],
        [
          -0.0001283219275596649, -0.9999994141966787, -0.0010747742937552908,
          -0.8048826532395952
        ],
        [0.0, 0.0, 0.0, 1.0]
      ]
    },
    {
      "file_path": "./png1/8.JPG",
      "sharpness": 2049.037642037927,
      "transform_matrix": [
        [
          -0.7660280823714489, 0.1324461406652699, 0.6290143057524173,
          -1.19852719576158
        ],
        [
          0.6349371391584082, 0.003248806686832334, 0.7725569717324718,
          0.29355355145742273
        ],
        [
          -0.1002786434673723, -0.9911848793630715, 0.08658365080288832,
          -0.8048826532395952
        ],
        [0.0, 0.0, 0.0, 1.0]
      ]
    },
    {
      "file_path": "./png1/9.JPG",
      "sharpness": 1975.9513870614555,
      "transform_matrix": [
        [
          0.37821742696424393, 0.3261784165386612, 0.8663482085887164,
          -0.3358066729673094
        ],
        [
          0.8984180079561865, 0.09626270326412652, -0.42846070407952225,
          2.0189945970459635
        ],
        [
          0.2231516545324817, -0.9403941368089308, 0.2566363312837868,
          -0.8048826532395952
        ],
        [0.0, 0.0, 0.0, 1.0]
      ]
    },
    {
      "file_path": "./png1/10.JPG",
      "sharpness": 1914.0027285497,
      "transform_matrix": [
        [
          0.8834956245254644, 0.13680489593332193, -0.4480177472969488,
          2.2523548954154973
        ],
        [
          -0.4516209070781883, -0.005218737354548482, -0.8921946654572077,
          5.4698766882230405
        ],
        [
          0.12439468531345751, -0.990584264577778, -0.05717321957585283,
          0.05783786955467056
        ],
        [0.0, 0.0, 0.0, 1.0]
      ]
    },
    {
      "file_path": "./png1/11.JPG",
      "sharpness": 2499.2305298667843,
      "transform_matrix": [
        [
          -0.06399851723092677, 0.19241503773315127, -0.9792245110526969,
          4.840516463798309
        ],
        [
          -0.9978719393412355, -6.636348998295596e-5, 0.06520420439855916,
          2.0189945970459635
        ],
        [
          -0.012481284693678554, -0.9813136342933576, -0.1920098140261538,
          -0.8048826532395952
        ],
        [0.0, 0.0, 0.0, 1.0]
      ]
    },
    {
      "file_path": "./png1/12.JPG",
      "sharpness": 2422.3237330139177,
      "transform_matrix": [
        [
          -0.7366227718699793, 0.27891901580928735, -0.6161096287046384,
          3.977795941004038
        ],
        [
          -0.6404810014512984, 0.004853894538837417, 0.7679586749869735,
          -2.294608016925386
        ],
        [
          -0.2171888089716656, -0.9603023598470352, -0.1750668413197799,
          0.05783786955467056
        ],
        [0.0, 0.0, 0.0, 1.0]
      ]
    },
    {
      "file_path": "./png1/13.JPG",
      "sharpness": 2004.170362391313,
      "transform_matrix": [
        [
          -0.8233731035100786, 0.27175200772289654, 0.49820435437153293,
          -2.923968241350121
        ],
        [
          0.518786372538171, 0.004577702497099989, 0.8548916564738096,
          -3.1573285397196567
        ],
        [
          -0.2300378927152379, -0.9623564261428417, 0.1447503954285096,
          0.05783786955467056
        ],
        [0.0, 0.0, 0.0, 1.0]
      ]
    },
    {
      "file_path": "./png1/14.JPG",
      "sharpness": 2464.33452425356,
      "transform_matrix": [
        [
          -0.32663618151133067, 0.3135972714568429, 0.8916084097082758,
          -6.374850332527198
        ],
        [
          0.9401046395735325, 0.010453906417640019, 0.3407256704343393,
          -0.5691669713368478
        ],
        [
          -0.09752984968724113, -0.9494985345830896, 0.2982288739283132,
          0.9205583923489411
        ],
        [0.0, 0.0, 0.0, 1.0]
      ]
    },
    {
      "file_path": "./png1/15.JPG",
      "sharpness": 2287.8545930802698,
      "transform_matrix": [
        [
          0.8413829017027912, 0.08145631393159983, 0.5342655534870915,
          -0.3358066729673094
        ],
        [
          0.5358904435731415, 0.0022476998192717326, -0.8442845375419974,
          3.7444356426345
        ],
        [
          0.06997317492563257, -0.9966743785039323, 0.04176048400854241,
          -0.8048826532395952
        ],
        [0.0, 0.0, 0.0, 1.0]
      ]
    },
    {
      "file_path": "./png1/16.JPG",
      "sharpness": 1855.097472088167,
      "transform_matrix": [
        [
          0.8773788795732278, 0.08992280147851484, -0.47129628839306914,
          1.3896343726212268
        ],
        [
          -0.47436475508615594, 0.015164991572147075, -0.8801977630979687,
          3.7444356426345
        ],
        [
          0.07200264447142637, -0.9958332756063498, -0.05596165101432457,
          -0.8048826532395952
        ],
        [0.0, 0.0, 0.0, 1.0]
      ]
    },
    {
      "file_path": "./png1/17.JPG",
      "sharpness": 2489.523111837581,
      "transform_matrix": [
        [
          -0.8674463189421243, 0.17604994805678773, -0.46534213170844646,
          2.2523548954154973
        ],
        [
          -0.46933919771833926, 0.02081629280571652, 0.8827725638231699,
          -1.4318874941311184
        ],
        [
          -0.16509876207550572, -0.984161113712094, -0.06457012481098784,
          -0.8048826532395952
        ],
        [0.0, 0.0, 0.0, 1.0]
      ]
    },
    {
      "file_path": "./png1/18.JPG",
      "sharpness": 2494.279418882186,
      "transform_matrix": [
        [
          -0.9410847623971037, 0.3283427302441166, 0.08093529193019625,
          0.5269138498269611
        ],
        [
          0.07992624414667734, -0.016591854513595322, 0.9966626840914661,
          -4.020049062513928
        ],
        [
          -0.32858981341574256, -0.9444129191511724, 0.01062885975862371,
          0.05783786955467056
        ],
        [0.0, 0.0, 0.0, 1.0]
      ]
    },
    {
      "file_path": "./png1/19.JPG",
      "sharpness": 2232.2110738607153,
      "transform_matrix": [
        [
          -0.5565254417915688, 0.19615008139086623, 0.8073441510341519,
          -4.64940928693866
        ],
        [
          0.8176715547569307, -0.04295365956450871, 0.5740803181362342,
          -0.5691669713368478
        ],
        [
          -0.147284286942235, -0.9796326498746215, 0.13648153765086526,
          1.7832789151432116
        ],
        [0.0, 0.0, 0.0, 1.0]
      ]
    },
    {
      "file_path": "./png1/20.JPG",
      "sharpness": 2422.286953142525,
      "transform_matrix": [
        [
          -0.10315532421868004, 0.35007457603440256, 0.9310245809320356,
          -7.237570855321469
        ],
        [
          0.9925509313648245, -0.024769497347758716, 0.11928587782281166,
          0.29355355145742273
        ],
        [
          -0.06481996399380656, -0.9363942883291593, 0.3449117409604506,
          0.9205583923489411
        ],
        [0.0, 0.0, 0.0, 1.0]
      ]
    },
    {
      "file_path": "./png1/21.JPG",
      "sharpness": 1695.8726237397404,
      "transform_matrix": [
        [
          -0.11823802256003557, 0.24333192814943175, -0.962709376065369,
          3.1150754182097677
        ],
        [
          -0.8080363807649742, 0.5399235970954326, 0.2357110872652588,
          -10.059092722073814
        ],
        [
          -0.577145542633168, -0.8057742128180876, -0.13278155209236428,
          3.5087199607317525
        ],
        [0.0, 0.0, 0.0, 1.0]
      ]
    }
  ],
  "totp": [0.27389241549371823, 0.2565973505474678, -0.34067041258468433],
  "totw": 86.27205227942697
}
