{
  "fl_x": 1811.64912407211,
  "fl_y": 1811.64912407211,
  "k1": 0.2799766624400599,
  "k2": -1.878652222032537,
  "p1": 2.4274697572407774e-05,
  "p2": 0.001193689606924735,
  "cx": 532.6259183505218,
  "cy": 965.209553921811,
  "w": 1080,
  "h": 1920,
  "aabb_scale": 2,
  "frames": [
    {
      "file_path": "./png1/1.JPG",
      "sharpness": 1531.5549646939683,
      "transform_matrix": [
        [
          0.8030396552482648,
          -0.5912676228750139,
          -0.0743633662395551,
          0.07339766888877722
        ],
        [
          -0.5909978003974635,
          -0.8061887313364877,
          0.027952269879639086,
          -0.5454433074415226
        ],
        [
          -0.0764781800522726,
          0.021501804710176244,
          -0.9968393854428594,
          -3.9762983407382784
        ],
        [
          0.0,
          0.0,
          0.0,
          1.0
        ]
      ]
    },
    {
      "file_path": "./png1/2.JPG",
      "sharpness": 2151.3115406970537,
      "transform_matrix": [
        [
          -0.06182062624798435,
          0.9967469749991524,
          -0.051707620331493315,
          0.43132620346241396
        ],
        [
          0.9979861045634999,
          0.0624689740182702,
          0.011016459652516027,
          0.39538774521065334
        ],
        [
          0.014210744824880203,
          -0.05092244215612125,
          -0.9986015019097351,
          -3.999251942639593
        ],
        [
          0.0,
          0.0,
          0.0,
          1.0
        ]
      ]
    },
    {
      "file_path": "./png1/3.JPG",
      "sharpness": 2658.3400821455566,
      "transform_matrix": [
        [
          -0.9261474526336978,
          0.36307888660310234,
          -0.10210101901138903,
          -0.4777849318070295
        ],
        [
          0.3666296315349747,
          0.9301964993191479,
          -0.017809714622392926,
          0.4888527014158353
        ],
        [
          0.08850767910549444,
          -0.053927680809153326,
          -0.9946145967066367,
          -3.9600396902584087
        ],
        [
          0.0,
          0.0,
          0.0,
          1.0
        ]
      ]
    },
    {
      "file_path": "./png1/4.JPG",
      "sharpness": 2094.6829213577435,
      "transform_matrix": [
        [
          -0.5604023132678494,
          -0.8275009941479372,
          -0.03451596685910367,
          -0.44537163888627984
        ],
        [
          -0.8173711813543392,
          0.5593042185519299,
          -0.1381417496683273,
          -0.5850058593281566
        ],
        [
          0.1336173610555716,
          -0.04920259946578597,
          -0.9898108430555576,
          -3.933264392755455
        ],
        [
          0.0,
          0.0,
          0.0,
          1.0
        ]
      ]
    },
    {
      "file_path": "./png1/5.JPG",
      "sharpness": 1463.8067757029576,
      "transform_matrix": [
        [
          -0.10025057157227119,
          -0.9947219949824041,
          0.021862653033396934,
          -0.17308049607074316
        ],
        [
          -0.9277951242678982,
          0.08552384524129908,
          -0.36315544781795206,
          -1.492362714816403
        ],
        [
          0.3593689333876092,
          -0.056690604101280184,
          -0.9314720313152098,
          -3.624971298137135
        ],
        [
          0.0,
          0.0,
          0.0,
          1.0
        ]
      ]
    }
  ],
  "totp": [
    0.029949874417971922,
    0.10574787707597302,
    -0.0390249986385533
  ],
  "totw": 8.660402407712443
}