{
  "fl_x": 1811.64912407211,
  "fl_y": 1811.64912407211,
  "k1": 0.2799766624400599,
  "k2": -1.878652222032537,
  "p1": 2.4274697572407774e-05,
  "p2": 0.001193689606924735,
  "cx": 532.6259183505218,
  "cy": 965.209553921811,
  "w": 1080,
  "h": 1920,
  "aabb_scale": 2,
  "scale": 1,
  "offset": [
    0.0,
    0.0,
    0.0
  ],
  "frames": [
    {
      "file_path": "./png1/1.JPG",
      "sharpness": 1531.5549646939683,
      "transform_matrix": [
        [
          0.9999995759979929,
          0.0009051502845288718,
          -0.00016943080200070145,
          -0.28
        ],
        [
          0.00016998120460603203,
          -0.0006080363781399978,
          0.9999998006990566,
          -0.35
        ],
        [
          0.0009050470840403723,
          -0.9999994054971858,
          -0.0006081899788670242,
          0.28
        ],
        [
          0.0,
          0.0,
          0.0,
          1.0
        ]
      ]
    },
    {
      "file_path": "./png1/2.JPG",
      "sharpness": 2151.3115406970537,
      "transform_matrix": [
        [
          -0.6406215253573084,
          0.0021663786756880854,
          0.7678537413155642,
          -0.3
        ],
        [
          -0.7638830377373764,
          -0.10340217672491217,
          -0.6370170284267667,
          -0.35
        ],
        [
          0.078017728151963,
          -0.9946372688834779,
          0.06789652010245331,
          0.29
        ],
        [
          0.0,
          0.0,
          0.0,
          1.0
        ]
      ]
    },
    {
      "file_path": "./png1/3.JPG",
      "sharpness": 2658.3400821455566,
      "transform_matrix": [
        [
          -0.9679429261442314,
          0.006465350042828152,
          -0.25108701873288214,
          -0.27
        ],
        [
          0.24803992948173326,
          -0.13272916882445762,
          -0.9596140688453173,
          -0.35
        ],
        [
          -0.03953081216013403,
          -0.991131256187591,
          0.1268705950879394,
          0.32
        ],
        [
          0.0,
          0.0,
          0.0,
          1.0
        ]
      ]
    },
    {
      "file_path": "./png1/4.JPG",
      "sharpness": 2094.6829213577435,
      "transform_matrix": [
        [
          0.033660408111896356,
          0.0016101969283341955,
          -0.9994320308012907,
          -0.24
        ],
        [
          0.9829645260336465,
          -0.1808423444676205,
          0.032814432905398205,
          -0.35
        ],
        [
          -0.18068679388707126,
          -0.9835107796629919,
          -0.007669993579173029,
          0.28
        ],
        [
          0.0,
          0.0,
          0.0,
          1.0
        ]
      ]
    },
    {
      "file_path": "./png1/5.JPG",
      "sharpness": 1463.8067757029576,
      "transform_matrix": [
        [
          0.4925035059777783,
          -0.11170530094944142,
          -0.8631119407929606,
          -0.21
        ],
        [
          0.8128201169683288,
          -0.29542873729473196,
          0.5020411523292014,
          -0.3
        ],
        [
          -0.31106872882240766,
          -0.9488117763393511,
          -0.054703373100536135,
          0.23
        ],
        [
          0.0,
          0.0,
          0.0,
          1.0
        ]
      ]
    }
  ]
}