{
  "fl_x": 1811.64912407211,
  "fl_y": 1811.64912407211,
  "k1": 0.2799766624400599,
  "k2": -1.878652222032537,
  "p1": 2.4274697572407774e-05,
  "p2": 0.001193689606924735,
  "cx": 532.6259183505218,
  "cy": 965.209553921811,
  "w": 1080,
  "h": 1920,
  "aabb_scale": 2,
  "scale": 1,
  "offset": [
    0.0,
    0.0,
    0.0
  ],
  "frames": [
    {
      "file_path": "./png1/1.jpg",
      "sharpness": 2357.1614600982466,
      "transform_matrix": [
        [
          0.9999998744011513,
          -0.0004808363913072953,
          -0.000141400303528897,
          0.2801286654842919
        ],
        [
          -0.00014144110315481338,
          -8.481842231683467e-05,
          -0.9999999864001244,
          -0.2800099132531073
        ],
        [
          0.0004808243914173199,
          0.9999998808010927,
          -8.488642169340865e-05,
          -0.3498890956488597
        ],
        [
          0.0,
          0.0,
          0.0,
          1.0
        ]
      ]
    },
    {
      "file_path": "./png1/2.jpg",
      "sharpness": 2316.939356410348,
      "transform_matrix": [
        [
          -0.5510571944574877,
          0.8333264645602434,
          -0.04362306614816597,
          -0.46963211011629963
        ],
        [
          -0.0012945601046809863,
          -0.05313018919595852,
          -0.9985867549242461,
          -0.27138296074085017
        ],
        [
          -0.8344664717954684,
          -0.5502219429098828,
          0.030356564194514934,
          -0.048958857903772246
        ],
        [
          0.0,
          0.0,
          0.0,
          1.0
        ]
      ]
    },
    {
      "file_path": "./png1/3.jpg",
      "sharpness": 1688.9829080986349,
      "transform_matrix": [
        [
          -0.814592735348928,
          -0.5775272067445618,
          0.053860941196527345,
          -0.0016472338246557479
        ],
        [
          -0.00255263611364992,
          -0.08928804853020203,
          -0.9960025745140119,
          -0.26823916711931833
        ],
        [
          0.5800277231009074,
          -0.8114739489715567,
          0.0712591788816336,
          0.46200112104177987
        ],
        [
          0.0,
          0.0,
          0.0,
          1.0
        ]
      ]
    },
    {
      "file_path": "./png1/4.jpg",
      "sharpness": 1501.5538946114918,
      "transform_matrix": [
        [
          0.25152811393840635,
          -0.9607837820955636,
          0.11673959037418674,
          0.4281607604796952
        ],
        [
          -0.0027364215284547133,
          -0.12132291832720532,
          -0.9926093196649873,
          -0.22619823606185385
        ],
        [
          0.9678461240795495,
          0.24934970132469603,
          -0.03314523424986171,
          0.1360614610679856
        ],
        [
          0.0,
          0.0,
          0.0,
          1.0
        ]
      ]
    },
    {
      "file_path": "./png1/5.jpg",
      "sharpness": 2554.074900091279,
      "transform_matrix": [
        [
          0.7938196712097345,
          0.598175874515995,
          -0.10970848986060017,
          0.00929541952926942
        ],
        [
          -0.0032948033825714873,
          -0.1761633538098582,
          -0.9843554322728821,
          -0.18545307328336733
        ],
        [
          -0.6081442870496598,
          0.781762173503865,
          -0.13787106370581775,
          -0.49660925563820174
        ],
        [
          0.0,
          0.0,
          0.0,
          1.0
        ]
      ]
    },
    {
      "file_path": "./png1/6.jpg",
      "sharpness": 2139.6787348895527,
      "transform_matrix": [
        [
          -0.5558264633534921,
          0.8254572807141998,
          -0.09837286389989974,
          -0.48418611778698845
        ],
        [
          0.018515769397813686,
          -0.10601394562388464,
          -0.9941922397689811,
          -0.24565613774530076
        ],
        [
          -0.8310921181912124,
          -0.5544198057872529,
          0.043641379804822716,
          -0.042624703288426616
        ],
        [
          0.0,
          0.0,
          0.0,
          1.0
        ]
      ]
    },
    {
      "file_path": "./png1/7.jpg",
      "sharpness": 2060.0912279683125,
      "transform_matrix": [
        [
          -0.5350276094853026,
          -0.8354462765456988,
          0.12559847170396005,
          0.1975848206478965
        ],
        [
          0.037996835896229375,
          -0.17231162950508966,
          -0.9843093735199193,
          -0.23532762649033628
        ],
        [
          0.8439796783989042,
          -0.5218603465901857,
          0.1239357942906481,
          0.4320661371363919
        ],
        [
          0.0,
          0.0,
          0.0,
          1.0
        ]
      ]
    },
    {
      "file_path": "./png1/8.jpg",
      "sharpness": 2151.7919539930526,
      "transform_matrix": [
        [
          0.7326935536756256,
          -0.6628504896798706,
          0.15423807809143386,
          0.44794602457387767
        ],
        [
          0.06037470748626961,
          -0.16243244895582576,
          -0.9848708515445874,
          -0.18472513447034905
        ],
        [
          0.6778753949643923,
          0.7309206029777577,
          -0.07899380383612586,
          -0.11367050524815377
        ],
        [
          0.0,
          0.0,
          0.0,
          1.0
        ]
      ]
    },
    {
      "file_path": "./png1/9.jpg",
      "sharpness": 3374.2955919906644,
      "transform_matrix": [
        [
          0.5094080323804968,
          0.8415336616175747,
          -0.17979030260486234,
          -0.15936856386352982
        ],
        [
          0.06755041345498514,
          -0.24739173156109734,
          -0.9665579510806699,
          -0.11590350357763587
        ],
        [
          -0.8578696860178072,
          0.48022747476557326,
          -0.18286928198029728,
          -0.4884342726616397
        ],
        [
          0.0,
          0.0,
          0.0,
          1.0
        ]
      ]
    },
    {
      "file_path": "./png1/10.jpg",
      "sharpness": 2088.5055043221178,
      "transform_matrix": [
        [
          -0.6196786716051658,
          0.7490032668361469,
          -0.2345046912674375,
          -0.538048313362952
        ],
        [
          0.0663514218046094,
          -0.24772306912705477,
          -0.9665561390042373,
          -0.19284707617454772
        ],
        [
          -0.782045927540169,
          -0.6145139439354094,
          0.10381127071173235,
          -0.024779380504981227
        ],
        [
          0.0,
          0.0,
          0.0,
          1.0
        ]
      ]
    },
    {
      "file_path": "./png1/11.jpg",
      "sharpness": 1459.560466777265,
      "transform_matrix": [
        [
          -0.9940631517924178,
          0.06245180409651576,
          -0.08909670259675515,
          -0.35090285382440733
        ],
        [
          0.06050760882626393,
          -0.363264546570811,
          -0.9297191503238119,
          -0.19666931110032546
        ],
        [
          -0.09042831151056646,
          -0.9295905772810916,
          0.3573290907658576,
          0.40827486972529903
        ],
        [
          0.0,
          0.0,
          0.0,
          1.0
        ]
      ]
    },
    {
      "file_path": "./png1/12.jpg",
      "sharpness": 1375.0918541835274,
      "transform_matrix": [
        [
          -0.8837770772264831,
          -0.4477662716708145,
          0.13580664093862735,
          -0.021574876098573607
        ],
        [
          0.0701305475186943,
          -0.41372286475386694,
          -0.9076976905801742,
          -0.19086394017201652
        ],
        [
          0.4626227232570219,
          -0.7926782179004744,
          0.39704087798661875,
          0.5281150263563272
        ],
        [
          0.0,
          0.0,
          0.0,
          1.0
        ]
      ]
    },
    {
      "file_path": "./png1/13.jpg",
      "sharpness": 2129.4071006355866,
      "transform_matrix": [
        [
          0.20282787313296077,
          -0.8829401169949582,
          0.42341186058173824,
          0.4444062980038263
        ],
        [
          0.11377507296616862,
          -0.4082213106287784,
          -0.9057651982274797,
          -0.09955946059194876
        ],
        [
          0.9725821747553791,
          0.23188814404676278,
          0.017657916033473997,
          0.09376009866235548
        ],
        [
          0.0,
          0.0,
          0.0,
          1.0
        ]
      ]
    },
    {
      "file_path": "./png1/14.jpg",
      "sharpness": 3230.1121670382845,
      "transform_matrix": [
        [
          0.8146020409371084,
          -0.5676614344115529,
          0.11909664471729109,
          0.37851564153730843
        ],
        [
          0.3703635474452343,
          0.35104731205175943,
          -0.859998039198356,
          0.004568241285714949
        ],
        [
          0.4463791635200731,
          0.7446652137592126,
          0.49620495945936205,
          -0.022473101324816114
        ],
        [
          0.0,
          0.0,
          0.0,
          1.0
        ]
      ]
    },
    {
      "file_path": "./png1/15.jpg",
      "sharpness": 3860.141523724615,
      "transform_matrix": [
        [
          0.772468426192058,
          0.5977974693649687,
          -0.2143145262393662,
          0.03491060524781753
        ],
        [
          0.11415546686693667,
          -0.4626885597206646,
          -0.8791403904314762,
          0.0374193314720202
        ],
        [
          -0.624708780089376,
          0.6546430189992528,
          -0.42565415275172314,
          -0.4942479572779417
        ],
        [
          0.0,
          0.0,
          0.0,
          1.0
        ]
      ]
    },
    {
      "file_path": "./png1/16.jpg",
      "sharpness": 1679.1608183553121,
      "transform_matrix": [
        [
          -0.19731681587348995,
          0.970025526214123,
          -0.14183283352792747,
          -0.4437818369775588
        ],
        [
          -0.005312197971598653,
          -0.14573305379034537,
          -0.989309687401094,
          -0.23759314387060795
        ],
        [
          -0.9803253820677384,
          -0.19445399334020846,
          0.03390854977418459,
          -0.2358117451580898
        ],
        [
          0.0,
          0.0,
          0.0,
          1.0
        ]
      ]
    },
    {
      "file_path": "./png1/17.jpg",
      "sharpness": 1935.0388054986877,
      "transform_matrix": [
        [
          -0.5228436436103215,
          -0.8385007854548057,
          0.15346321099194044,
          0.21403176374028693
        ],
        [
          -0.004547827773074331,
          -0.17728414356438782,
          -0.9841492009361119,
          -0.23428678869883568
        ],
        [
          0.8524164719189964,
          -0.5152540783267177,
          0.08887853041570393,
          0.4115824397996215
        ],
        [
          0.0,
          0.0,
          0.0,
          1.0
        ]
      ]
    },
    {
      "file_path": "./png1/18.jpg",
      "sharpness": 2366.667406897992,
      "transform_matrix": [
        [
          0.6248314138434468,
          -0.7687043233355582,
          0.13667248281794092,
          0.45942248733279223
        ],
        [
          -0.0019665047240295386,
          -0.176599549679053,
          -0.9842808196405767,
          -0.184751988703483
        ],
        [
          0.7807572203531448,
          0.6147408090719021,
          -0.11185660699330002,
          -0.047934129835204536
        ],
        [
          0.0,
          0.0,
          0.0,
          1.0
        ]
      ]
    }
  ]
}