{
  "fl_x": 1811.64912407211,
  "fl_y": 1811.64912407211,
  "k1": 0.2799766624400599,
  "k2": -1.878652222032537,
  "p1": 2.4274697572407774e-05,
  "p2": 0.001193689606924735,
  "cx": 532.6259183505218,
  "cy": 965.209553921811,
  "w": 1080,
  "h": 1920,
  "aabb_scale": 2,
  "frames": [
    {
      "file_path": "./png1/1.jpg",
      "sharpness": 2357.1614600982466,
      "transform_matrix": [
        [
          0.9760324291348585,
          -0.21738726537615286,
          0.010172223423883084,
          0.04925082028349686
        ],
        [
          -0.21748150078850206,
          -0.9760200806962386,
          0.009305852593321009,
          0.16727810166841622
        ],
        [
          0.007905320479782903,
          -0.011295084328412074,
          -0.9999049589726645,
          -3.9762729406298742
        ],
        [
          0.0,
          0.0,
          0.0,
          1.0
        ]
      ]
    },
    {
      "file_path": "./png1/2.jpg",
      "sharpness": 2316.939356410348,
      "transform_matrix": [
        [
          -0.3316423925437813,
          0.9433482750796541,
          -0.010361243751491184,
          -0.030520879353923884
        ],
        [
          0.9430276764050071,
          0.3318003592526162,
          0.02464392691939251,
          0.14233450392330535
        ],
        [
          0.026685670349646678,
          -0.00159796873441319,
          -0.9996425968784618,
          -3.974596960729449
        ],
        [
          0.0,
          0.0,
          0.0,
          1.0
        ]
      ]
    },
    {
      "file_path": "./png1/3.jpg",
      "sharpness": 1688.9829080986349,
      "transform_matrix": [
        [
          0.9050626488677429,
          0.4022530687284106,
          -0.13803648185563575,
          -0.4364826869051179
        ],
        [
          0.40610743651036874,
          -0.9138253009351829,
          -0.00026340406093226104,
          0.03088808701216312
        ],
        [
          -0.12624718466358578,
          -0.055819244614192375,
          -0.990427110036483,
          -3.929973338785064
        ],
        [
          0.0,
          0.0,
          0.0,
          1.0
        ]
      ]
    },
    {
      "file_path": "./png1/4.jpg",
      "sharpness": 1501.5538946114918,
      "transform_matrix": [
        [
          0.026391746827637494,
          -0.9989088025125806,
          -0.038531545028306184,
          -0.13449592657083717
        ],
        [
          -0.9867584139379749,
          -0.01986128615115716,
          -0.1609762772430596,
          -0.7454713338595453
        ],
        [
          0.16003533429214442,
          0.042269771412965486,
          -0.9862058396717683,
          -3.896661292538134
        ],
        [
          0.0,
          0.0,
          0.0,
          1.0
        ]
      ]
    },
    {
      "file_path": "./png1/5.jpg",
      "sharpness": 2554.074900091279,
      "transform_matrix": [
        [
          0.8980668330429499,
          0.39857492888059615,
          0.18604835246793777,
          0.7010400499880992
        ],
        [
          0.4022964973472299,
          -0.9153126354339661,
          0.018981771178621425,
          0.1401609688763621
        ],
        [
          0.17785806591312237,
          0.05779970140714378,
          -0.9823572175674633,
          -3.9232956480782666
        ],
        [
          0.0,
          0.0,
          0.0,
          1.0
        ]
      ]
    },
    {
      "file_path": "./png1/6.jpg",
      "sharpness": 2139.6787348895527,
      "transform_matrix": [
        [
          -0.39684231306072326,
          0.9178863691248111,
          0.0008899098188987833,
          -0.0718781460344658
        ],
        [
          0.9157905758816527,
          0.39587035211235955,
          0.06792853189041557,
          0.19967568144917527
        ],
        [
          0.06199838458351679,
          0.027771886743743684,
          -0.9976897927791619,
          -4.022048258912015
        ],
        [
          0.0,
          0.0,
          0.0,
          1.0
        ]
      ]
    },
    {
      "file_path": "./png1/7.jpg",
      "sharpness": 2060.0912279683125,
      "transform_matrix": [
        [
          -0.6902757291189332,
          -0.6974507192380243,
          -0.19256664307114055,
          -0.7532867686962151
        ],
        [
          -0.6978264947024811,
          0.7120571375015965,
          -0.07754235116554589,
          -0.29852078767983553
        ],
        [
          0.1912004212353454,
          0.08085250254256424,
          -0.9782153503968498,
          -3.9904055890378793
        ],
        [
          0.0,
          0.0,
          0.0,
          1.0
        ]
      ]
    },
    {
      "file_path": "./png1/8.jpg",
      "sharpness": 2151.7919539930526,
      "transform_matrix": [
        [
          0.6175583571762433,
          -0.7863837002595676,
          -0.014911453579395287,
          -0.029088519453515555
        ],
        [
          -0.7620633108869338,
          -0.5935526584142448,
          -0.2587561629979619,
          -0.9562476030987747
        ],
        [
          0.19463089601043437,
          0.17116050261510035,
          -0.9658275708752169,
          -3.949209011977353
        ],
        [
          0.0,
          0.0,
          0.0,
          1.0
        ]
      ]
    },
    {
      "file_path": "./png1/9.jpg",
      "sharpness": 3374.2955919906644,
      "transform_matrix": [
        [
          0.6040524154040161,
          0.737198949112032,
          0.30275136477428105,
          1.1553283896662068
        ],
        [
          0.754852289755014,
          -0.6510835282691048,
          0.07929854896696764,
          0.2623582278419579
        ],
        [
          0.25557523373008323,
          0.18063208088479105,
          -0.949764892622929,
          -3.881145856612558
        ],
        [
          0.0,
          0.0,
          0.0,
          1.0
        ]
      ]
    },
    {
      "file_path": "./png1/10.jpg",
      "sharpness": 2088.5055043221178,
      "transform_matrix": [
        [
          -0.3790953889698343,
          0.9252197541226674,
          0.01597161992412885,
          0.0877691296875724
        ],
        [
          0.8904567801534995,
          0.3600475568245935,
          0.2783028557225085,
          1.1369972886310078
        ],
        [
          0.25174075701100196,
          0.11972536659301529,
          -0.9603605717925409,
          -3.787412792985379
        ],
        [
          0.0,
          0.0,
          0.0,
          1.0
        ]
      ]
    },
    {
      "file_path": "./png1/11.jpg",
      "sharpness": 1459.560466777265,
      "transform_matrix": [
        [
          -0.9201810558428909,
          0.2757911023552843,
          -0.2778598429595752,
          -1.0695310042051291
        ],
        [
          0.20884864028610473,
          0.9461258432791599,
          0.24744319374342033,
          0.9719792662777749
        ],
        [
          0.33113300940635315,
          0.16966188888773964,
          -0.9282056741587699,
          -3.727739987322684
        ],
        [
          0.0,
          0.0,
          0.0,
          1.0
        ]
      ]
    },
    {
      "file_path": "./png1/12.jpg",
      "sharpness": 1375.0918541835274,
      "transform_matrix": [
        [
          -0.8506833098970654,
          -0.27817098072595026,
          -0.4460479926471326,
          -1.7584145743841824
        ],
        [
          -0.3463625506447481,
          0.9348908817968037,
          0.07753723392060932,
          0.29223399309214665
        ],
        [
          0.39543759276709867,
          0.22045395123507763,
          -0.8916440801190821,
          -3.5997354131430486
        ],
        [
          0.0,
          0.0,
          0.0,
          1.0
        ]
      ]
    },
    {
      "file_path": "./png1/13.jpg",
      "sharpness": 2129.4071006355866,
      "transform_matrix": [
        [
          0.05484599245166839,
          -0.9673241918185095,
          -0.2475395423657787,
          -1.03780966915416
        ],
        [
          -0.9146548905486253,
          0.050765738335581234,
          -0.40103524908257854,
          -1.6140655675785192
        ],
        [
          0.4004976258449906,
          0.248408429273064,
          -0.8819835054912398,
          -3.5060739415489635
        ],
        [
          0.0,
          0.0,
          0.0,
          1.0
        ]
      ]
    },
    {
      "file_path": "./png1/14.jpg",
      "sharpness": 3230.1121670382845,
      "transform_matrix": [
        [
          0.9233020732411219,
          -0.34098412475691725,
          0.17675720130281825,
          0.5838440114027593
        ],
        [
          -0.255697254040352,
          -0.8891257322097167,
          -0.3795712668245042,
          -1.5662137081526126
        ],
        [
          0.2865871522327364,
          0.3052626065968355,
          -0.9081203362929585,
          -3.4748574595630544
        ],
        [
          0.0,
          0.0,
          0.0,
          1.0
        ]
      ]
    },
    {
      "file_path": "./png1/15.jpg",
      "sharpness": 3860.141523724615,
      "transform_matrix": [
        [
          0.8209779224684954,
          0.3861125996814554,
          0.4206094520889198,
          1.7156681810645364
        ],
        [
          0.44823251721630974,
          -0.8921675002376331,
          -0.05589957092557546,
          -0.2711262443852448
        ],
        [
          0.3536705547953403,
          0.2344231470801486,
          -0.905518043323155,
          -3.5042501458333852
        ],
        [
          0.0,
          0.0,
          0.0,
          1.0
        ]
      ]
    },
    {
      "file_path": "./png1/16.jpg",
      "sharpness": 1679.1608183553121,
      "transform_matrix": [
        [
          0.03701574197184973,
          0.9989776996181573,
          0.025949769014151934,
          0.12321379836165769
        ],
        [
          0.9895801026871959,
          -0.040258510534737155,
          0.1382406332997764,
          0.6620672083539975
        ],
        [
          0.13914400889679812,
          0.020562295473483844,
          -0.9900586532084796,
          -3.9675424486572615
        ],
        [
          0.0,
          0.0,
          0.0,
          1.0
        ]
      ]
    },
    {
      "file_path": "./png1/17.jpg",
      "sharpness": 1935.0388054986877,
      "transform_matrix": [
        [
          -0.6504444980702971,
          -0.7395284075614479,
          -0.17326190966195737,
          -0.6739570776728028
        ],
        [
          -0.7291996149048834,
          0.6718292654361754,
          -0.1300513734108901,
          -0.49487084139923493
        ],
        [
          0.21257910657599655,
          0.04175131750158481,
          -0.9762514793505987,
          -3.997937940118163
        ],
        [
          0.0,
          0.0,
          0.0,
          1.0
        ]
      ]
    },
    {
      "file_path": "./png1/18.jpg",
      "sharpness": 2366.667406897992,
      "transform_matrix": [
        [
          0.4363134887057858,
          -0.899320497861176,
          0.029209274214070075,
          0.15441700369814837
        ],
        [
          -0.8677554664534268,
          -0.42914119056144334,
          -0.2506756649611254,
          -1.0214468308553133
        ],
        [
          0.23797266652618235,
          0.08402666654243489,
          -0.9676303681138707,
          -3.9335999958995336
        ],
        [
          0.0,
          0.0,
          0.0,
          1.0
        ]
      ]
    }
  ],
  "totp": [
    0.05281993728113574,
    0.09645600933300111,
    -0.1598813246388834
  ],
  "totw": 11.446309513559374
}